[[  993.96130371  -639.19732666   376.87799072   439.24557495  2518.9453125
    273.2272644    907.81036377   223.36152649   559.87670898
   1637.04003906   -38.5008049  -1538.75598145 -1154.04406738 -1538.5369873
    285.89981079  -319.46640015    92.71186829 -1865.20080566
     57.80834579  -166.97427368]]
[[  425.53067017    49.313591     203.29051208  1247.29162598
    739.34454346  1067.40734863   978.05670166  -340.74404907
   1488.21350098  2400.4230957    138.30944824 -1450.74633789
  -1588.08044434 -1584.1640625   -799.08166504  -642.29663086
   -488.76028442 -1473.28051758  -975.58746338  -725.09967041]]
[[-1563.05371094 -2291.25195312  -738.04620361 -1019.4465332   -714.51507568
   -305.73791504  -497.3366394  -1380.18676758  -290.29049683
   -354.06512451   992.12341309  -465.60916138  1401.05151367
    587.80010986  1934.25805664   730.89666748  2859.05224609
  -1460.34057617  1420.04406738   837.96112061]]
[[ 1214.30090332  -994.00939941  1489.34509277   694.30163574
   3258.04516602  -684.31719971  1701.04431152 -1228.06298828
   1611.36547852   884.25372314  -719.7310791   -928.60626221
   -466.71691895 -1534.5760498   -105.45373535  -536.47210693
    768.73046875 -1559.40856934  1340.13439941  -608.79229736]]
[[  907.97247314  -852.83190918   926.50598145   705.02197266
    917.27490234   874.23510742   173.0218811    589.87072754
    577.25183105  3278.1237793   -771.29144287 -1241.41210938 -1788.0579834
   -967.07409668 -1152.39404297  -560.33557129  -463.56723022 -1105.3828125
    418.77896118  -557.06738281]]
[[ -366.7053833   -329.42565918 -2123.53149414 -1154.04394531
   -359.96740723  -703.05206299   359.67041016 -1780.18261719
   -154.22016907 -2011.82531738  3087.91552734  -867.7244873   1423.60876465
    598.76654053   725.0355835    528.0713501   1181.73461914
   -239.78027344   826.19195557   847.87176514]]
[[  824.27935791   863.89190674   762.5524292    151.15028381   669.4286499
   1520.30371094  1032.06945801   629.95935059  2899.23876953
   1515.44372559  -863.41564941 -1721.62280273 -1835.83959961
  -1336.24609375 -1922.15454102 -1039.22680664 -1055.59020996
   -754.20996094   306.28500366 -1120.56103516]]
[[-1896.85241699 -1726.85754395  -786.70758057    82.96417236
  -1047.59399414 -1170.57312012 -1243.97180176  -115.55991364
   -237.53935242  -749.86834717  1533.60913086 -1462.08081055
    217.98046875   145.90843201   967.20928955  1414.21447754
   3089.84008789 -1229.39147949  1366.45227051   452.21334839]]
[[-1122.43127441 -1422.07080078  -658.31140137  -716.03094482
  -1026.81225586  -967.38372803  -817.76989746  -143.37696838
  -1083.08911133  -542.51239014   555.99975586  -772.71087646
    706.26013184    58.37717438  1125.40869141   686.17193604
   2092.29711914  -436.31015015  3239.11767578   401.4899292 ]]
[[ 2280.9375      -972.29125977   370.84216309  -808.38024902
   -789.92718506   729.31268311  1787.11169434 -1106.29663086
   1037.10827637   341.86502075 -1061.80334473   203.15853882
   -448.67816162  -156.88366699  -919.47857666  -532.2020874   -205.42964172
   -299.4274292    320.30114746  -963.22979736]]
[[  500.49609375  -956.5189209    256.35598755  -104.13023376
    250.83753967  2209.66870117  1950.35095215   540.87524414
   1779.40466309   989.93115234  -873.28662109  -799.14813232
   -690.02935791 -1126.43078613 -1148.35632324   702.86993408
    115.70777893  -734.45788574   -94.05713654  -680.01068115]]
[[ -112.19230652 -1216.92980957  -502.13226318 -1387.08166504
    349.60968018    22.50528145   156.57624817 -1318.52612305
   -532.11968994   -69.31355286   -28.31140137  2144.58959961
    424.34063721   355.47042847   569.57550049  -726.60418701
   -175.27337646  1184.36083984   169.13645935   760.48834229]]
[[ 1885.69311523   552.03668213   972.61279297   999.41064453
   1656.68615723   608.44244385  1566.4029541   -606.83404541
   1143.60314941   410.28060913  -641.60906982 -1589.64709473
  -1066.75476074 -1492.17419434  -721.61468506  -844.96936035
    -92.26805878 -1251.2833252    464.96850586 -1003.40570068]]
[[  592.33117676  -428.36468506   713.10876465  1356.89221191
   2892.60449219  1000.68682861  2293.14794922 -1797.74951172
   1088.09191895   905.22503662  -580.58581543  -893.43066406
   -290.83325195 -2130.36401367  -331.19085693 -1046.96447754
    444.83178711 -1201.67553711   581.34472656 -1058.98547363]]
[[ -347.45907593 -2199.60961914  -760.34014893  -279.17550659
   -909.78796387  -809.13769531  -361.61727905 -2203.49047852
   -717.77618408  -985.91229248   625.68884277   545.24200439
    176.18455505   566.0088501   1573.22338867   449.24206543
   3427.75512695 -1637.38623047  1644.70544434   654.61560059]]
[[-1259.28686523 -1807.13781738 -1180.26220703 -1548.64343262  -654.0824585
    138.00549316  -788.99346924 -2383.10620117  -361.63241577    50.8804245
   1831.40356445   -28.52108955   612.5758667    161.57237244
    895.82952881   796.40338135  1807.8001709   -185.70632935
   1799.44433594   215.45478821]]
[[ 1879.8626709  -1037.4206543   1117.26635742  -268.98007202
   1459.15209961  1599.33972168  3549.77416992  -667.40673828
   1923.85302734   609.97589111  -810.92694092  -944.43743896
   -988.63458252 -1075.02685547 -1120.40942383   103.04443359
   -150.66938782 -1135.2557373   -643.15618896  -935.18609619]]
[[-1147.86999512 -1042.4777832  -1664.09655762  -364.33834839
   -341.51580811  -696.81225586  -765.23345947 -1234.01220703
   -894.49884033   -95.91017914  1818.19238281   134.23132324
   1340.51220703    94.55767059  3064.93798828   664.19537354
   1269.93798828   454.75524902  1272.1574707   1753.56164551]]
[[ -490.97860718 -1268.34130859 -1783.2956543  -1213.84240723
   -802.05743408  -568.27056885  -440.12277222 -1945.08093262  -619.5090332
    165.4621582    537.80596924   631.10357666  -153.51371765
    766.13922119   196.68890381   654.22021484  -804.56921387
   1030.00671387   756.15533447  2668.65234375]]
[[ 1400.42480469  -965.24865723   195.82568359   779.48468018
    621.49511719  1224.73681641   187.18112183  1573.12805176
    818.65936279  3520.51293945  -404.19219971 -1339.70397949
  -1853.55761719 -2429.74145508  -683.71185303  -756.98272705
   -737.46533203 -1548.34765625  -684.27813721  -944.88537598]]
[[-1494.60131836  -953.73187256 -1682.20471191  -309.33218384
  -1521.30981445  -706.42108154   284.09188843 -2755.73925781 -1186.5234375
  -2105.30249023  1018.28845215  -665.75738525  1292.68103027
   2842.16845703   171.65966797   963.17614746   934.18927002
    856.52746582  1971.5369873   1576.26916504]]
[[ -896.72412109  -919.92175293 -1358.30224609  -414.33676147
   -704.79364014 -1214.30273438  -857.62060547 -2615.86572266
  -1036.44848633 -1097.08435059   916.34039307   -12.39613819
   3396.86694336   651.25299072   857.28936768   415.39678955
    782.35754395  1282.91320801  1233.53430176   575.26593018]]
[[  282.95059204  -480.68563843   141.80484009  1130.6854248   2132.27441406
    580.14990234  1332.87133789  -464.43167114  1076.63696289
   1577.71350098  -805.33093262 -1478.57128906 -1113.72729492
  -1451.30371094  -894.43377686  -285.55740356   -37.81744385
  -1152.08459473  -247.32298279  -687.78094482]]
[[  824.27935791   863.89190674   762.5524292    151.15028381   669.4286499
   1520.30371094  1032.06945801   629.95935059  2899.23876953
   1515.44372559  -863.41564941 -1721.62280273 -1835.83959961
  -1336.24609375 -1922.15454102 -1039.22680664 -1055.59020996
   -754.20996094   306.28500366 -1120.56103516]]
[[-1106.58618164  -823.14544678  -618.96569824 -1022.01446533  -894.637146
  -2519.55322266 -1016.60540771 -2077.52099609  -589.37036133
   -502.87423706   290.36849976   250.07420349   465.71282959
    860.30340576  -314.66189575   654.01757812  -674.91455078
   1246.04418945  1294.46325684  2858.21679688]]
[[ 1303.92480469  -105.54912567    69.12948608   234.67274475
   1098.27575684   685.53765869   728.17321777   415.30740356
   1171.15808105  1336.98693848  -645.85302734  -721.11810303 -1303.6439209
  -1259.03063965  -224.67059326  -274.17214966 -1096.24694824
   -997.72216797  -597.1942749    277.99560547]]
[[  -22.19226074  1134.79296875   922.60968018  1620.97558594
    379.01104736   437.00354004    58.26571655  1332.55187988
    807.39208984  1163.44848633   -18.16533279 -1165.64331055
   -595.08917236 -1331.02441406 -1418.35424805   -88.41366577
   -509.11862183  -493.32739258  -250.53953552 -1043.08544922]]
[[   -8.77320099   521.9630127   2109.34448242  1428.36193848
    885.34405518   954.91088867   606.53765869   572.71148682
    899.38659668   640.29669189  -374.96835327 -1298.8137207   -391.50726318
  -1660.2713623  -1287.33117676  -765.253479     149.17483521
  -1359.64379883   136.35786438 -1332.85803223]]
[[  724.90386963  -468.40515137  2394.91918945   889.2612915    480.64529419
    506.96640015  -253.5930481    398.03549194  -125.37253571
   1080.93652344 -1226.56201172 -1182.50500488 -1098.21801758
  -1056.12854004 -1523.73974609  -855.1663208   -261.04269409 -1077.4630127
   1020.45343018 -1532.75695801]]
[[  674.32330322   664.87304688  1206.27539062   731.99645996
   1661.50427246  1360.97363281  2204.78271484 -1039.07910156
   2094.87084961   736.42376709  -359.44003296 -1142.84106445
  -1025.52062988 -1363.93676758  -709.49224854  -935.46270752
   -200.48286438 -1654.6529541    -65.94682312 -1359.88317871]]
[[ 1210.28344727  -110.09500122  1269.70361328   557.74725342
   1072.77648926  2564.58056641  1735.79833984  -619.98535156
   1923.35290527   154.15148926   -75.39729309  -686.99731445
  -1124.40063477 -1478.20068359 -1041.95800781  -751.71881104
   -252.39356995  -909.61804199  -229.93962097  -776.04931641]]
[[   61.52859116  1433.30603027   557.95690918   575.61383057
    966.22613525  -204.68476868   232.8036499    388.38391113
    535.60534668   277.99401855   321.24377441  -722.28967285
   -445.56463623 -1215.75610352  -207.81892395  -393.84814453
    -61.97323227  -797.66430664   -26.98939896  -653.87573242]]
[[  258.28457642   669.625       1010.89001465   898.9765625   1130.0098877
    577.97784424   123.72886658  2418.97924805   481.21322632
   1947.16943359  -356.15496826 -1938.53173828 -1678.6505127  -1233.18505859
  -1477.40539551  -334.55462646  -986.80749512  -960.35870361
   -342.36148071 -1339.56091309]]
[[ 1292.24487305  -252.53903198  1312.88317871  1304.58361816
   2737.98022461   873.42687988  2188.4921875  -1139.6015625   2042.10742188
   1422.37084961  -600.28411865  -989.04907227  -774.45214844
  -2430.65966797  -856.45098877  -649.81170654    97.69753265
   -736.29772949   475.87820435  -935.78881836]]
[[-1730.85705566 -2153.74267578 -1505.9029541  -1173.89160156
   -935.65106201   525.065979     404.08331299 -1953.16687012
    -16.16082001  -165.24311829   593.50390625   119.17458344   829.9463501
    237.36891174  1097.27856445   339.03759766  2819.7277832   -196.48916626
   1256.92956543   144.29289246]]
[[ -534.07250977 -1208.40625    -1863.41943359 -1646.9699707   -776.90161133
   -568.10229492  -472.45687866  -658.09210205 -1083.21813965
   -850.79992676  -293.99850464  3151.36279297  1265.07983398
    550.03948975   826.44030762  -258.78775024    70.87522125
   1802.71166992   -67.88407135  1026.08862305]]
[[-1205.93945312 -1711.32067871 -1274.40734863 -1101.75854492
   -315.50033569  -509.78717041  -811.46435547 -1400.4119873   -459.88150024
    161.82400513  1314.36535645  -839.37359619   721.28466797
    291.45516968  1573.15356445  1320.81140137  2920.02929688
  -1258.54345703  1558.80029297   512.48596191]]
[[ -896.72412109  -919.92175293 -1358.30224609  -414.33676147
   -704.79364014 -1214.30273438  -857.62060547 -2615.86572266
  -1036.44848633 -1097.08435059   916.34039307   -12.39613819
   3396.86694336   651.25299072   857.28936768   415.39678955
    782.35754395  1282.91320801  1233.53430176   575.26593018]]
[[  472.91650391  -585.887146    2363.40014648   583.88677979
   -132.31216431  -310.9987793    602.85467529  -368.5713501    117.04308319
    -87.99210358 -1214.38696289  -143.29460144  -956.44091797
   -395.72558594  -179.04302979  -309.33963013   548.07116699
   -611.69799805  1122.79675293  -984.84399414]]
[[  674.32330322   664.87304688  1206.27539062   731.99645996
   1661.50427246  1360.97363281  2204.78271484 -1039.07910156
   2094.87084961   736.42376709  -359.44003296 -1142.84106445
  -1025.52062988 -1363.93676758  -709.49224854  -935.46270752
   -200.48286438 -1654.6529541    -65.94682312 -1359.88317871]]
[[ -107.13841248  -169.51335144  1258.9630127   1391.31799316
   1106.29724121   932.96673584  1062.8001709   -717.83825684
   2703.55786133   753.10455322  -221.96502686 -1568.88708496
  -1339.96643066 -1647.72949219  -703.74273682  -741.35845947
     70.21583557 -1670.19396973  -147.03672791 -1385.94555664]]
[[  423.03207397  3207.77514648   218.56233215   682.37896729
    652.22766113   268.14801025  1060.79150391   347.59609985   476.5697937
    107.39598083  -132.59617615 -1144.62219238  -639.79223633
  -1084.37182617  -959.14996338  -545.11712646  -513.00195312
   -885.56402588   -97.99794006 -1190.78857422]]
[[-1262.79370117 -1970.73852539  -669.05456543  -794.30883789
   -840.49908447  -556.03741455  -364.2076416  -2251.23168945
    -57.36669159 -1214.56213379  1795.12158203 -1312.32397461
   1384.99963379  1264.46716309  1516.06567383  1068.73181152
   2771.91455078  -734.57055664  2398.27539062   450.80075073]]
[[  528.86444092   -36.46738434   149.9954834    268.34588623
    726.67926025   862.86114502  -220.76843262  2673.11914062
    881.20391846  1446.08837891  -399.76205444  -611.20300293
  -1106.55834961 -1580.69140625  -778.99658203  -338.56542969
   -371.19216919 -1117.72460938  -485.59161377  -113.0018692 ]]
[[  241.22674561   235.32519531  -315.41140747  1499.29956055  2178.6484375
    278.6187439   1244.28820801   -54.10453033   593.66186523  1743.8293457
    -59.69449234 -1248.13061523 -1173.39758301 -1421.81420898
     -3.03238034   -86.92184448  -331.31646729 -1543.76013184
   -570.61279297  -218.63540649]]
[[  791.94598389 -1580.41821289   631.61871338   543.68121338
    284.65115356   951.31335449   493.95913696  -448.29006958
   -232.95375061  2153.69458008 -1148.70715332   -12.43142414
  -1114.11938477  -985.99530029  -547.26635742  -976.12554932
   -107.99788666  -604.23999023   -56.53783417  -462.28253174]]
[[-1286.13964844 -1396.85241699 -2018.85717773 -1496.26660156
   -918.88415527  -239.41983032  -990.66387939 -1731.91516113
   -376.76254272  -849.28106689  1614.73071289   376.39358521
   1198.57287598  1084.58728027  3125.04614258   652.29425049
   1985.95788574  -274.18676758   562.86968994  1096.68554688]]
[[   98.4010849  -1060.68737793  1269.61181641  1081.1270752   -302.51535034
   2459.79003906   866.04577637   166.69474792   723.03747559
   1078.34814453 -1524.24169922 -1007.8458252  -1168.1953125   -839.53588867
  -1507.17932129  -974.69970703  -340.62744141   -21.45685768
    208.52980042  -237.87988281]]
[[-1896.85241699 -1726.85754395  -786.70758057    82.96417236
  -1047.59399414 -1170.57312012 -1243.97180176  -115.55991364
   -237.53935242  -749.86834717  1533.60913086 -1462.08081055
    217.98046875   145.90843201   967.20928955  1414.21447754
   3089.84008789 -1229.39147949  1366.45227051   452.21334839]]
[[-1511.07202148   -70.49058533 -1043.2623291     30.11616898
   -278.09246826  -772.69146729     4.34937286  -314.5486145   -250.96440125
   -540.54058838  2620.03295898  -407.78094482   305.24316406  -742.1986084
    752.48309326   268.26617432  1705.55847168  -877.8302002    871.84997559
   1097.68408203]]
[[ -254.13137817   771.34643555   722.71008301  2452.59936523
    545.02575684   235.24168396   516.73223877  -385.19897461
    996.69470215   768.76428223    -6.00845814 -1085.50878906
   -476.42785645 -1547.98278809  -759.50738525  -461.23049927
     66.82254028  -807.69000244  -372.31704712  -974.69396973]]
[[  227.59773254  3006.82470703   701.82025146   444.30267334
    641.96582031   325.59176636  1336.54296875   326.16418457
    559.19519043    93.90042114   -64.84966278 -1346.43066406
   -977.90710449 -1028.69458008  -822.69622803  -697.20031738
   -314.75488281  -970.24438477    20.95708466 -1108.3092041 ]]
[[-1610.54760742 -1443.27404785 -1027.66711426  -653.40447998
   -354.90557861 -1212.50439453 -1574.90979004 -1295.4954834    182.93736267
   -243.0791626   1252.40905762  -286.17849731   898.53222656
   -121.06887054   882.52722168  1738.90710449   853.79455566
    570.63775635   516.27087402  1428.61523438]]
[[ -982.10681152  -407.91574097  -884.80084229  -211.91468811
  -1150.45727539  -378.02200317   -85.64365387 -2328.91748047
    509.44519043 -1620.57263184  1059.54589844 -1909.79418945
     75.69538116  1851.79602051   -83.60346985  2419.08056641
   1341.58032227 -1467.90551758  1114.87255859   679.99365234]]
[[-1103.05603027 -1173.83874512 -1136.30908203   336.55499268
   -665.32525635  -501.94018555  -907.15460205 -1846.87768555
   -282.58309937  -230.74575806   286.70199585  -655.56170654
    256.94815063   392.2013855    572.93719482   230.2575531   -979.12738037
   1903.62207031   961.44958496  2867.40185547]]
[[  423.03207397  3207.77514648   218.56233215   682.37896729
    652.22766113   268.14801025  1060.79150391   347.59609985   476.5697937
    107.39598083  -132.59617615 -1144.62219238  -639.79223633
  -1084.37182617  -959.14996338  -545.11712646  -513.00195312
   -885.56402588   -97.99794006 -1190.78857422]]
[[  724.90386963  -468.40515137  2394.91918945   889.2612915    480.64529419
    506.96640015  -253.5930481    398.03549194  -125.37253571
   1080.93652344 -1226.56201172 -1182.50500488 -1098.21801758
  -1056.12854004 -1523.73974609  -855.1663208   -261.04269409 -1077.4630127
   1020.45343018 -1532.75695801]]
[[-1398.96838379  -848.39807129 -1080.86071777  -425.59671021
  -1052.17419434  -791.1986084   -305.07913208 -2021.77172852
   -925.86920166 -1689.48449707  1905.47399902 -1039.14953613
   2406.41308594   829.57714844   -15.18135166   606.93615723
    588.94958496   959.70202637  1589.30566406   443.91299438]]
[[  494.34512329 -1093.94519043   384.36373901  1025.66564941
   1145.09899902   871.6729126    126.79990387   470.19992065
   1237.53857422  2891.15917969    20.16093826 -1147.33508301
  -1149.29199219 -1919.48339844  -461.54147339  -184.0586853   -129.75239563
  -1466.68017578  -696.23443604  -871.74682617]]
[[-1730.85705566 -2153.74267578 -1505.9029541  -1173.89160156
   -935.65106201   525.065979     404.08331299 -1953.16687012
    -16.16082001  -165.24311829   593.50390625   119.17458344   829.9463501
    237.36891174  1097.27856445   339.03759766  2819.7277832   -196.48916626
   1256.92956543   144.29289246]]
[[  185.63996887  2189.72802734   736.73693848  1318.89147949
    486.33917236   485.17098999   405.0899353   1095.94006348
    834.95385742   625.96789551  -254.70429993 -1206.80322266
   -988.22473145 -1015.05084229 -1270.48657227  -702.03662109   -93.1050415
   -988.25634766  -433.31512451  -765.16796875]]
[[ 1400.42480469  -965.24865723   195.82568359   779.48468018
    621.49511719  1224.73681641   187.18112183  1573.12805176
    818.65936279  3520.51293945  -404.19219971 -1339.70397949
  -1853.55761719 -2429.74145508  -683.71185303  -756.98272705
   -737.46533203 -1548.34765625  -684.27813721  -944.88537598]]
[[   53.80472565   724.14001465   650.80712891  2034.23510742
   1229.47021484   426.11138916   322.34603882   229.78314209
   1066.38671875   977.7434082   -278.26412964 -1087.79516602
  -1104.21704102 -1268.36987305  -624.94891357   -24.5004158   -396.7286377
  -1208.31738281  -282.89468384  -680.17376709]]
[[ 1767.37329102  -187.34593201   644.34881592   835.20489502
   1987.20178223  1093.85290527  1323.50585938   363.90823364  1503.3416748
   2820.44262695  -652.84802246 -2364.25292969 -1521.15527344
  -2265.17773438 -1843.34301758  -756.69268799  -644.14562988
  -1365.59118652   427.82461548 -1358.65258789]]
[[  352.0809021    248.06077576  1420.9197998   1701.01513672
   1179.77880859    62.82688904   763.63623047   249.21395874
   1860.78918457  -339.01199341  -436.14212036 -1206.63659668  -117.3004303
  -1527.68701172 -1628.31628418  -385.72338867  -379.31954956
   -522.72119141   685.0267334   -796.7253418 ]]
[[ -177.05149841   335.39276123  1367.57800293  1280.13757324
    509.59509277  1029.92932129   899.07385254   493.02185059
   3402.45092773  1002.62353516  -853.63122559 -2065.37304688
  -1952.90661621 -1430.52709961 -1351.60009766  -914.77435303
   -567.07653809 -1235.77331543    56.72195053 -1233.73791504]]
[[-1074.06420898 -1431.6920166  -1050.88452148  -345.371521    -430.98468018
  -2155.48730469 -1731.67333984 -1840.53735352  -409.63458252
    -90.39089203  1108.72753906  -750.62280273   717.18457031
     34.66406631   957.6897583   1355.08532715  2485.97192383
   -446.39877319  1134.74511719   493.77560425]]
[[ 2752.62011719 -1422.07250977  1074.16320801   -21.37450027
   1259.67443848  1274.22546387  2244.67089844  -789.98303223
   1659.38757324   986.46051025  -737.33081055 -1349.19458008
   -871.98254395 -1103.87060547 -1303.15368652  -796.33868408
   -290.61334229 -1109.04272461   167.44889832  -315.43109131]]
[[ -1.33997498e+03  -1.43948584e+03  -9.26678284e+02  -5.85117737e+02
   -7.66199646e+02  -9.30112305e+02  -8.44418274e+02  -2.21023486e+03
   -1.41306341e+00   3.81792450e+00   7.96924438e+02   5.39129578e+02
    6.13339722e+02   2.13887390e+02   1.75004346e+03   3.02308655e+02
    4.02442200e+02  -1.03827660e+02   6.80986816e+02   1.17384473e+03]]
[[-1821.44238281 -1431.27270508 -2454.12280273  -370.92181396
   -892.97149658 -1469.49511719 -1542.65393066 -1595.58752441
     35.67311096  -919.38269043  1510.23510742  -256.56033325
    666.58532715   616.69958496  1453.8527832    590.07208252
     37.16937256   633.04925537   -37.65272522  3242.91015625]]
[[  446.45809937   725.24517822   417.95907593   417.39608765
    845.83166504  1050.94543457   281.06015015  2364.10693359
    871.19195557  2206.70361328  -651.82507324 -1531.58178711
  -1455.86035156 -1504.64001465 -1536.44665527  -102.86726379
  -1245.89941406  -710.16473389    -6.90346289  -576.10198975]]
[[ -651.11175537  -713.66717529 -1058.47290039  -820.38720703
  -1331.09753418  -864.14990234  -103.22385406 -2677.17773438
   -607.14825439 -1354.40844727   705.27001953   141.76251221
   1003.97625732  2606.57836914  1068.12805176   718.81884766
   1750.16369629    49.26395035  1585.12719727  1478.04260254]]
[[ -116.73735809  -775.38800049   698.65228271  1426.71911621
   -604.23077393  2667.89599609  1041.48059082  -558.01623535
   1334.40222168  1121.70373535  -797.91082764  -837.61157227
  -1057.09814453 -1280.30419922 -1217.88183594  -911.17510986
   -608.72564697  -222.84593201  -624.74804688    92.19241333]]
[[-1511.07202148   -70.49058533 -1043.2623291     30.11616898
   -278.09246826  -772.69146729     4.34937286  -314.5486145   -250.96440125
   -540.54058838  2620.03295898  -407.78094482   305.24316406  -742.1986084
    752.48309326   268.26617432  1705.55847168  -877.8302002    871.84997559
   1097.68408203]]
[[-1878.04406738 -1894.12866211  -826.25445557  -195.87857056
  -1268.88427734 -1448.0201416   -430.01776123 -1055.22473145
   -538.60070801  -594.72607422  1086.64709473  -699.09637451
   -398.58312988   178.30662537   675.92407227  1201.20605469
   2954.30102539 -1182.04699707  2498.59838867   205.27175903]]
[[-1190.69116211 -1531.76782227  -498.53167725  -559.67816162
  -1771.49462891 -1475.82617188  -350.66687012 -1075.23986816
   -364.83187866  -773.05059814   318.97183228   -98.0965271   -283.11553955
   1548.80151367   490.83370972  2959.99316406  1617.79382324
     83.69747162  2070.9387207    884.31719971]]
[[  -50.34415054 -1412.20617676   936.17681885  1517.23217773
    511.98629761   995.88787842  -286.70443726  1683.5020752    908.46588135
   1729.01037598  -531.84747314  -929.40325928  -738.59887695
  -2286.38183594 -1387.41870117  -276.0597229    293.478302   -1250.13684082
    -73.32273865  -226.27435303]]
[[-1398.96838379  -848.39807129 -1080.86071777  -425.59671021
  -1052.17419434  -791.1986084   -305.07913208 -2021.77172852
   -925.86920166 -1689.48449707  1905.47399902 -1039.14953613
   2406.41308594   829.57714844   -15.18135166   606.93615723
    588.94958496   959.70202637  1589.30566406   443.91299438]]
[[ -741.27191162 -1973.27526855 -1713.68310547  -842.45837402
  -1684.22644043  -385.66040039  -407.42263794 -2150.03540039
   -327.46328735  -341.18154907   163.49131775   -66.03052521
    343.41540527  2968.71704102  1184.62512207   796.8213501   1081.37365723
    221.43598938  1042.43359375   967.1126709 ]]
[[ 1245.78198242  -443.46542358   500.68948364  1001.8550415   2774.18579102
    390.99926758  1718.28393555  -219.68557739  1120.65759277
   2155.05493164  -432.77737427 -1717.74645996 -1377.85510254
  -2159.79150391  -285.54550171  -248.95323181  -489.80667114
  -1653.48022461  -336.63058472  -923.08526611]]
[[ -940.65673828 -1012.3347168   -840.71228027  -984.36010742
  -1031.85778809 -1010.67700195 -1329.11132812 -1463.92871094 -1315.703125
   -765.55950928   908.52093506  -137.56591797   901.01751709
   1812.80065918   998.88043213  1074.75476074   898.00146484
   -169.51348877  1667.8515625    830.58276367]]
[[  407.50662231 -1216.95092773   745.99334717   973.25921631
   1199.93945312  3159.93798828  2266.82861328  -945.94378662
   2205.43457031  1550.6439209  -1040.75549316 -1714.43908691
  -1117.56115723 -1557.80334473  -799.64398193  -671.84613037   178.8553772
   -495.70324707 -1083.45068359  -250.06816101]]
[[  356.54244995  -300.51260376   755.18530273  2075.87011719
   2407.22680664   663.49389648  1163.60717773  -424.05661011
    914.81109619  1062.47546387  -293.86752319 -1355.59802246
  -1011.21575928 -1574.60400391  -191.22233582   -46.69902039
    292.33078003 -1966.29663086  -292.36553955  -332.6289978 ]]
[[ -490.10809326 -1453.79504395  -426.04165649  -528.67126465
    -38.46444321  -872.22387695 -1245.1496582  -1425.12060547
    396.79190063  -453.13867188   123.11613464 -1136.14685059
    426.06195068   700.90942383   678.855896    1022.57263184
   1338.64404297  -949.15100098  2805.97705078   413.66168213]]
[[  9.44254761e+02   7.57668213e+02   9.63350769e+02   1.03748816e+03
    1.88210315e+03   6.64214783e+01   1.20103284e+03   1.75536728e+01
    6.24316040e+02   1.05815887e+02  -7.06818466e+01  -9.58781006e+02
   -5.10312622e+02  -1.58976306e+03  -1.63371292e+02  -4.62263916e+02
    1.22390373e+02  -1.43992065e+03   1.17335391e+00  -4.27343872e+02]]
[[ -347.45907593 -2199.60961914  -760.34014893  -279.17550659
   -909.78796387  -809.13769531  -361.61727905 -2203.49047852
   -717.77618408  -985.91229248   625.68884277   545.24200439
    176.18455505   566.0088501   1573.22338867   449.24206543
   3427.75512695 -1637.38623047  1644.70544434   654.61560059]]
[[  258.28457642   669.625       1010.89001465   898.9765625   1130.0098877
    577.97784424   123.72886658  2418.97924805   481.21322632
   1947.16943359  -356.15496826 -1938.53173828 -1678.6505127  -1233.18505859
  -1477.40539551  -334.55462646  -986.80749512  -960.35870361
   -342.36148071 -1339.56091309]]
[[  610.58679199    26.35718346   105.27014923  2582.73339844
    672.50585938  1057.11889648  1745.76721191   -80.75283051
   2047.42944336    76.86029816  -674.01098633 -1902.2064209   -705.70275879
  -1600.89282227 -1764.90161133   130.52481079  -292.57461548
   -883.46490479   233.8445282   -829.63653564]]
[[  588.28729248  -903.55291748  2702.10424805  1212.34570312
    823.37701416  1760.6685791    578.52233887   996.71801758
   1102.82531738   661.19708252 -1026.09973145 -1263.10302734
  -1233.03466797 -1591.45825195 -1486.92712402  -840.83288574
    139.01368713 -1741.02307129   823.89660645 -1044.65661621]]
[[-1511.07202148   -70.49058533 -1043.2623291     30.11616898
   -278.09246826  -772.69146729     4.34937286  -314.5486145   -250.96440125
   -540.54058838  2620.03295898  -407.78094482   305.24316406  -742.1986084
    752.48309326   268.26617432  1705.55847168  -877.8302002    871.84997559
   1097.68408203]]
[[ -955.80749512 -1013.65765381  -780.93518066  -866.60998535
   -374.47406006 -1128.42895508  -541.15264893 -2473.88647461
  -1191.68823242  -845.12164307   483.87335205   542.77697754  2038.359375
    644.63525391  1073.72216797  -433.99002075   671.40020752
   1243.00378418   880.27618408   886.5456543 ]]
[[ -439.77593994 -1206.49401855 -1707.72241211 -1399.59094238
   -682.84014893  -417.85482788  -508.55444336 -2392.10644531
   -496.53659058  -896.93444824   383.93460083  1391.5177002   1590.84301758
   1118.33764648   524.56573486   619.03094482  -254.56195068
   2591.37158203   314.03594971  2361.30932617]]
[[  652.6015625    288.09414673   199.52026367  1241.19848633
   1081.53552246   380.07217407  1530.20056152  -570.42980957
   3086.90087891   417.45715332  -674.27246094 -1585.49377441
  -1890.01867676 -2033.81860352  -366.72116089   -50.21764755
    241.47969055 -1006.20556641   -99.4495697   -458.47036743]]
[[-1609.01208496 -1390.85192871 -1604.09155273    58.81869125  -946.3928833
   -948.8651123   -241.76403809 -1975.17077637  -973.81591797
   -327.02685547  1041.32385254  -374.73446655  1358.69030762
     79.22815704   982.24212646   985.95074463  1442.97949219  1199.9921875
   2877.79125977  1501.5423584 ]]
[[-1134.17028809 -1062.31164551 -2116.2956543  -1855.87670898
   -836.77581787   272.76602173  -411.44021606 -2312.15454102
   -449.90420532 -1277.04272461  1746.60949707   223.25387573
   3503.46899414   573.64123535   557.81439209  1007.37579346
   1599.67480469   607.44006348  1312.46875     1795.77929688]]
[[ -982.10681152  -407.91574097  -884.80084229  -211.91468811
  -1150.45727539  -378.02200317   -85.64365387 -2328.91748047
    509.44519043 -1620.57263184  1059.54589844 -1909.79418945
     75.69538116  1851.79602051   -83.60346985  2419.08056641
   1341.58032227 -1467.90551758  1114.87255859   679.99365234]]
[[ -195.38301086  -687.96936035  -468.81304932  -567.33343506  -458.3522644
  -1073.07299805 -1697.82336426 -1280.76831055 -1224.97290039
   -905.18774414    40.66651535  -517.62811279  1405.07788086
   2120.71533203   701.96514893   637.80450439   512.10369873
    466.78283691  1935.94812012   917.1932373 ]]
[[ -754.09228516 -1572.55712891 -1453.64135742 -1392.17016602
    127.58163452   -75.74532318  -757.63647461 -2166.93286133
   -540.91937256  -327.58187866   220.50114441  2987.24780273
   1986.58837891    21.20236969  1347.4041748   -510.65640259
    597.36328125  1963.40649414   157.52702332   436.11520386]]
[[ -682.52392578  -566.55993652 -1811.29309082  -134.03657532
     52.46181107  -938.65185547  -328.27041626 -2226.87133789
   -908.71820068  -979.84735107  1178.11328125  -143.41841125
    933.63079834   681.82763672  2403.99511719   482.43218994
    931.06530762   -95.51083374   580.23071289  1687.03979492]]
[[  446.45809937   725.24517822   417.95907593   417.39608765
    845.83166504  1050.94543457   281.06015015  2364.10693359
    871.19195557  2206.70361328  -651.82507324 -1531.58178711
  -1455.86035156 -1504.64001465 -1536.44665527  -102.86726379
  -1245.89941406  -710.16473389    -6.90346289  -576.10198975]]
[[ 1748.01599121  -967.23364258   390.78030396  -625.79443359
    155.90538025   628.1161499   1175.0994873  -1421.88842773
    477.21478271  -104.87947083  -857.4552002    121.8864212    -74.77777863
    -59.90301132  -691.54205322  -404.36279297  -557.17388916   519.4331665
    596.64459229   171.48231506]]
[[  503.34802246  2023.4798584    589.79022217   919.67053223
    206.03987122   -16.5567627    106.68154907   410.15136719
    390.54989624   623.36981201  -330.87420654  -982.89544678
   -754.35339355  -565.81390381 -1032.07727051  -447.72164917  -364.9744873
  -1061.77258301   -59.86473083 -1029.66088867]]
[[  439.48171997  -550.49334717   602.28234863   810.63220215
    820.84191895   667.29992676   159.78790283   557.46435547
    680.13824463   683.07092285  -768.23895264 -1412.72387695
   -824.82507324 -1017.66973877  -762.69567871  -360.57028198
    -13.55228615  -722.65112305  1042.15576172  -436.17752075]]
[[  534.51312256  -492.64926147   198.19662476  1338.06445312
    -65.98945618   130.35884094   615.01025391  -517.17333984
    949.21069336   424.16479492  -879.47949219 -1313.19958496
   -923.52459717 -1772.5267334   -437.82778931  -120.80419159
    -90.46960449   -92.19816589  -344.62484741   123.4197464 ]]
[[  798.81335449  -520.84625244   743.19769287   444.91790771
   1747.43725586  1002.69128418  2195.41064453  -238.05036926
   1946.25390625  1084.55664062  -155.60852051 -1157.75366211
   -452.92767334 -1399.05932617  -757.05181885  -443.88754272
     25.00109673  -987.09259033   331.50524902  -840.05334473]]
[[  801.1807251   -603.97930908    -9.05458832   474.27563477
    773.01098633   955.7244873    371.6741333   -112.53199005
    692.85205078  1069.14733887 -1180.02990723 -1091.22058105
   -369.28952026  -788.24450684 -1530.95446777   139.88789368
   -341.23846436   221.07980347  -218.5743866    145.60214233]]
[[ 1702.99035645   344.17105103   407.39935303   247.84043884
   1501.82824707  1227.70678711  3065.45629883 -1554.63562012
   2096.66430664   281.53561401  -658.97351074  -892.1015625  -1239.9387207
  -1974.16906738   -62.78042603 -1037.77868652  -380.20880127
  -1016.81054688   352.85397339  -949.49005127]]
[[ -374.74691772  -448.73077393   558.55548096  1226.17333984
   -439.60861206   337.23202515   176.11686707   591.99005127
   -106.13080597   332.72094727  -286.58792114  -228.60075378
   -357.48928833  -746.98077393  -117.69326019   196.26211548   354.9307251
    297.13934326   435.99084473   112.12239075]]
[[  189.67715454  -583.86181641   309.61779785   344.1171875    296.49523926
    535.22735596   910.27844238  -496.1100769   1245.2611084    306.90631104
   -444.53369141  -217.27059937  -586.29107666 -1298.97351074
   -328.96459961   309.68963623   131.6368103   -137.87911987
   -806.12005615   359.64724731]]
[[   95.15812683  -639.66967773   755.28912354  1234.71582031
    196.89051819   822.05200195    83.36009216   593.8996582   1123.50744629
   2277.60229492  -838.25170898 -1502.2355957  -1481.57128906
  -1522.69274902  -536.82873535  -294.0531311   -565.22290039
   -389.99261475    40.52483368  -538.53637695]]
[[  545.02233887   222.47590637  -292.35668945  -946.55780029   977.1496582
   -357.88128662   444.07623291   515.2321167    745.49291992
    571.66455078  -357.41452026  -570.7086792   -280.23199463
  -1492.49719238  -330.06710815    -4.26986647  -450.16259766  -286.1020813
  -1035.63464355   -78.30768585]]
[[  805.29107666  1834.17346191   357.85296631  -232.50085449
    281.85900879  1834.06896973  1316.81518555   601.08929443
    988.65136719   573.60571289   -14.14751148  -602.81610107
  -1022.08581543 -1007.96057129  -658.3425293   -565.17034912
   -833.44537354  -634.1385498    -66.6366272   -702.31091309]]
[[ -241.68449402   494.45111084   336.45254517   798.99523926
   1141.80322266   596.02142334   886.89312744  -466.20288086
   1309.74829102   167.54899597  -135.43077087  -533.39099121
   -205.91995239 -1925.81359863  -415.13134766  -993.37896729
   -533.94512939  -771.33398438  -737.14501953  -619.76239014]]
[[  354.83065796  -787.09106445   554.39361572  2239.05004883
   1089.75622559  1211.26098633   380.95504761    41.88947296
    972.42474365  1362.42907715 -1105.23156738 -1518.01135254
  -1298.83044434 -1254.25646973 -1052.03222656   261.24478149
     49.05324554  -432.71478271  -536.31365967  -331.64053345]]
[[  546.62786865   -58.0717926   -566.85552979 -1766.96765137
    934.96612549  1183.26391602  2562.58837891 -1425.37182617  1239.0090332
    162.76119995   479.2071228     80.11565399  -496.29916382
  -1214.63500977   211.88850403    72.00967407   152.10684204
   -817.49633789  -784.59283447  -779.93518066]]
[[ -334.89575195 -1176.36218262   404.45587158   375.8598938    591.7791748
   2326.87670898   623.75140381  -356.72573853  1209.76428223
   1685.01049805  -335.15365601  -659.78399658 -1254.8503418   -884.3024292
   -141.57070923  -281.84854126   -51.33136368  -662.04541016
  -1016.66998291  -836.12811279]]
[[ 1518.56848145  -967.76928711  1073.00634766   231.24809265
   1955.67480469  1834.80688477  3190.06958008 -1087.27111816
   2514.87109375   700.61810303  -925.09466553  -992.09619141
  -1258.66674805 -1389.64160156  -458.84683228  -993.28533936
    320.28213501  -991.63250732  -967.27502441  -767.37561035]]
[[  273.45999146   950.74603271   252.94242859  1070.41210938
    363.13745117   -77.84196472  -188.65283203  2082.86450195
    216.54722595  1306.01708984  -312.99990845 -1016.9475708  -1349.55334473
  -1755.17907715 -1015.2958374   -402.3777771  -1010.21881104
  -1115.44909668  -485.59506226  -715.78393555]]
[[  714.40734863  -869.81140137   923.55432129   -55.04698563
   1538.49682617  1117.53869629  1722.73461914 -1252.68713379
   1741.60339355   181.41946411  -540.3828125   -826.05444336
   -247.30773926 -1639.81933594 -1044.55224609  -295.9682312    319.28390503
  -1137.97399902 -1057.61535645 -1004.24957275]]
[[ -201.20506287   454.00125122  -350.11450195  -176.09928894
    817.40765381   -64.76350403  -138.79652405  2054.02734375
    847.18231201  2008.99963379   633.50097656 -1349.86108398
  -1103.03552246 -1328.49475098 -1220.29455566   523.11541748
   -485.72824097   -19.62706566   114.7951355   -670.30566406]]
[[  289.51428223    64.05563354  -264.42578125  -710.10583496
    663.04681396   258.57849121   350.48699951    19.02719879
   1132.07299805    31.12399292  -401.51077271   125.11198425  -559.8059082
   -805.98974609  -484.72619629   240.66230774  -913.32202148
    216.44407654  -744.43811035  -183.41494751]]
[[  457.22439575   546.11816406   743.37158203   832.08435059
    866.08300781   -54.77199554  1116.03869629  -348.32727051
    394.32687378  -954.82647705  -424.31933594   -50.5454216   -146.53091431
   -997.3571167   -540.76031494  -142.90734863  -316.625        202.95787048
   -397.03713989  -655.35675049]]
[[ -773.50787354  -246.18313599 -2083.68798828 -1722.1776123  -1568.26452637
   -753.86834717  -669.78204346 -2646.79345703   186.7537384    -14.61859131
    457.99749756  -868.98590088   728.98114014   703.87493896
    206.64547729  1682.43334961   780.62445068   986.52331543
   1449.39892578   921.82897949]]
[[ -853.68023682  -217.50941467 -2144.078125   -1874.46789551
  -1484.11755371  -512.59436035  -538.91467285 -2509.58618164
     59.40539551   -26.00962067   301.14169312  -492.01864624
    769.93792725   946.03961182   250.97567749  1641.7923584    703.43676758
    858.66119385  1110.71081543  1022.99414062]]
[[ -853.68023682  -217.50941467 -2144.078125   -1874.46789551
  -1484.11755371  -512.59436035  -538.91467285 -2509.58618164
     59.40539551   -26.00962067   301.14169312  -492.01864624
    769.93792725   946.03961182   250.97567749  1641.7923584    703.43676758
    858.66119385  1110.71081543  1022.99414062]]
[[ -853.68023682  -217.50941467 -2144.078125   -1874.46789551
  -1484.11755371  -512.59436035  -538.91467285 -2509.58618164
     59.40539551   -26.00962067   301.14169312  -492.01864624
    769.93792725   946.03961182   250.97567749  1641.7923584    703.43676758
    858.66119385  1110.71081543  1022.99414062]]
[[ -853.68023682  -217.50941467 -2144.078125   -1874.46789551
  -1484.11755371  -512.59436035  -538.91467285 -2509.58618164
     59.40539551   -26.00962067   301.14169312  -492.01864624
    769.93792725   946.03961182   250.97567749  1641.7923584    703.43676758
    858.66119385  1110.71081543  1022.99414062]]
[[ -853.68023682  -217.50941467 -2144.078125   -1874.46789551
  -1484.11755371  -512.59436035  -538.91467285 -2509.58618164
     59.40539551   -26.00962067   301.14169312  -492.01864624
    769.93792725   946.03961182   250.97567749  1641.7923584    703.43676758
    858.66119385  1110.71081543  1022.99414062]]
[[ -853.68023682  -217.50941467 -2144.078125   -1874.46789551
  -1484.11755371  -512.59436035  -538.91467285 -2509.58618164
     59.40539551   -26.00962067   301.14169312  -492.01864624
    769.93792725   946.03961182   250.97567749  1641.7923584    703.43676758
    858.66119385  1110.71081543  1022.99414062]]
[[ -853.68023682  -217.50941467 -2144.078125   -1874.46789551
  -1484.11755371  -512.59436035  -538.91467285 -2509.58618164
     59.40539551   -26.00962067   301.14169312  -492.01864624
    769.93792725   946.03961182   250.97567749  1641.7923584    703.43676758
    858.66119385  1110.71081543  1022.99414062]]
[[ 2895.38818359  -648.90515137  1297.41638184   -87.56442261
   1125.01953125   992.7043457   2384.88671875  -444.73397827
   1305.11865234   785.99639893 -1833.07629395 -1270.06811523
  -1331.72900391 -1114.89611816 -1373.14880371  -787.50482178
   -712.29840088 -1242.25927734   162.19963074  -267.74435425]]
[[  843.65545654  1928.10412598   202.98150635   -79.59017944   610.1071167
   1627.75036621  1231.61791992   881.5546875   1092.24536133
    559.72619629  -402.25332642  -851.06280518 -1313.32788086
   -979.52313232 -1060.11120605  -723.04156494  -844.00518799  -517.1340332
     53.4250679   -941.35949707]]
[[  566.94824219    63.30649948  1748.56542969   932.93652344
   1540.32678223  2012.32006836  1850.45935059  -534.79296875
   1685.34436035   611.85174561  -944.4029541  -1013.90545654
  -1171.18554688 -1772.80297852  -493.87387085  -721.31188965  -402.8182373
  -2200.92504883  -362.2494812  -1177.63244629]]
[[ -124.07880402   456.05020142   484.58587646  1790.11572266
   1370.50134277  1003.51647949   714.86834717   -47.41880035
   1775.61621094  1369.06005859  -130.89663696 -1420.5279541  -1088.32629395
  -1207.93359375 -1231.1126709    -32.24331284  -850.78631592
  -1223.08178711  -357.06826782 -1094.43481445]]
[[  794.54138184  -522.99383545   -53.96392822  -625.3001709    993.78094482
    557.95782471  1329.42553711  -592.5982666    910.92340088
   1153.22900391  -659.11102295  -200.86561584 -1715.25219727  -580.4541626
   -221.29304504  -279.06231689   325.32385254  -695.91809082
     23.93056488  -184.45994568]]
[[ -257.35229492  -530.54492188   332.88204956   901.67388916
    189.03358459  1985.96496582   558.1875        74.38508606
   1386.67114258   560.58081055  -567.36785889  -665.72833252
  -1082.21447754  -623.00085449  -909.88000488   -46.63120651
   -972.30487061   299.51708984  -555.98724365  -581.36651611]]
[[  5.54968933e+02  -1.57282562e+02   3.94077271e+02   1.58230872e+03
    1.18293884e+03   6.44389160e+02   2.32176025e+03  -1.23221838e+03
    6.38466675e+02   9.15571228e+02   8.61903369e-01  -1.87710974e+03
   -8.52183838e+02  -2.08353223e+03  -2.55646634e+00  -9.49223816e+02
   -7.41997681e+01  -1.36466272e+03   3.09983887e+02  -1.15238318e+03]]
[[   50.29636002  1696.0612793    194.10449219  1045.91503906
    444.79351807   263.18014526   -68.15446472   988.35559082
    784.72479248  1056.0357666      9.98034954  -934.13690186  -798.4329834
  -1171.83642578 -1326.46862793  -678.96856689  -544.52984619
   -395.44012451  -160.95085144 -1012.53747559]]
[[  151.14572144   590.06170654   956.3067627    767.98522949
   1036.47875977  1572.33447266   461.13272095  1247.97558594
   2521.18139648  1934.40759277  -553.85980225 -1815.49938965
  -1563.72814941 -1690.17480469 -1108.43078613   -99.21196747
   -810.29162598 -1294.06689453  -337.2774353  -1504.4128418 ]]
[[  194.69023132  -631.76678467   166.24462891  1683.56115723
     65.60722351  1305.04589844  -318.94732666  1257.60961914
    937.06018066  2897.88964844  -651.86047363 -1527.34020996
  -1461.49182129 -2714.34399414 -1117.45324707  -994.07427979
   -439.23773193  -362.77209473  -345.76989746  -377.48596191]]
[[  684.62414551  -670.23425293  -447.98999023  -524.42565918
   1487.28649902  1177.42138672  1183.13232422  -513.47979736
   1454.26171875   744.5369873   -740.00897217  -753.90869141
   -466.11019897  -903.14910889  -218.67480469  -654.79986572
    777.68963623  -365.05892944   152.64274597  -292.68817139]]
[[  355.87332153  -687.43615723   281.38796997   297.76229858
   1414.01611328    -5.29613876   953.3460083   -750.48071289
   1465.36132812   476.17678833  -261.27203369  -689.4909668   -229.49061584
   -887.30853271  -591.06695557   -12.59779358   474.33666992
   -779.55712891  -672.75018311  -358.80023193]]
[[ -8.36913696e+02  -1.13703369e+03  -3.52754181e+02  -4.69999798e-02
    6.19083435e+02  -8.14385193e+02  -3.05057007e+02  -2.47859131e+02
    3.08682037e+02   7.81906555e+02   7.72598083e+02  -7.94431702e+02
    6.24670227e+02  -1.70545544e+03  -4.11765839e+02   7.51683105e+02
    4.50891785e+02  -4.01002960e+02   7.73241516e+02  -5.84001465e+02]]
[[ -106.42433929 -1287.88781738  -886.88269043  -265.00161743
    123.92146301  -674.36035156   462.63735962 -1348.59375     1190.27990723
   -541.22393799  -389.88693237  -665.12750244   539.31726074
   -956.11865234   185.15039062   617.57971191   105.26698303  1019.0567627
    -58.12269211   980.22375488]]
[[  597.03137207  -608.59265137  -216.58067322   378.01245117  1584.3939209
    212.38031006   610.81048584  -563.4385376   1303.0177002   1609.02380371
  -1106.71020508  -205.25596619  -764.171875   -1756.61682129
   -619.14642334  -209.37065125  -422.63391113  -167.32818604
   -406.30950928   610.29333496]]
[[  704.4553833   -597.97412109   680.60394287  -185.5181427   1348.83435059
    794.22540283  1944.09338379  -791.02612305  1429.04602051
    229.19360352     5.84296703  -327.46069336  -401.3420105  -1487.49572754
   -424.00009155  -892.21697998   272.76477051  -854.984375    -474.3717041
   -869.35510254]]
[[  876.94610596 -1532.55529785   199.26205444   -89.51742554  2157.7668457
    659.784729    1735.26721191  -496.72146606  1571.34094238
    882.02453613  -252.65348816    46.82917023   -48.7798233  -1424.37158203
   -867.71392822  -147.66238403  1271.15222168 -1039.53173828
    421.32641602  -384.550354  ]]
[[  873.0725708   -841.58612061  -148.53399658   882.47137451
   1092.85083008   637.36352539   116.18190765   497.74673462
   1041.18286133  1631.64904785  -572.71386719  -392.6567688   -352.23953247
  -1169.80761719 -1382.62512207   265.01931763  -391.24411011
   -240.46279907  -269.06170654   295.36517334]]
[[  555.89904785  -972.26306152    13.18888855   174.82292175
    469.11999512  -249.12982178   759.59527588   179.28059387
   1238.46850586   955.20300293 -1098.1887207    235.94659424  -927.3168335
   -750.13000488  -163.58558655   815.29400635   162.65777588
    193.95304871   254.88676453  1614.8815918 ]]
[[ 1007.66912842 -1330.63439941   144.67903137   916.746521     948.43756104
    290.4743042    727.80187988  -224.80809021  1495.63024902
   1155.51745605 -1149.3026123   -847.6260376   -510.20245361
  -1661.20068359 -1200.57116699   434.76699829   506.39892578
  -1070.69616699   432.66687012   719.8984375 ]]
[[  480.07058716  -732.31787109  -873.46636963  -785.73956299
    653.81005859 -1114.26806641   450.12316895  -793.34265137
   1320.39782715   633.42907715   601.87255859  -430.43405151
    -86.97325897 -1390.34106445   153.8875885   1432.98034668
   -158.40815735  -122.44007111  -291.8104248    663.94616699]]
[[  149.3182373   -155.59156799  -481.46557617  -287.63406372
    934.25238037 -1444.72912598   646.85986328  -898.62237549
    678.30163574   695.77252197   772.78076172   176.21963501
   -141.08718872 -1849.2578125     16.19447136   790.13171387
    245.94760132    52.00836563   100.93464661   845.78704834]]
[[ -171.82752991  -852.74804688  -144.56251526   229.58992004
    108.58901978  -415.26257324  -238.60458374  -691.54815674
   -629.29785156   276.21105957   -61.39786148  -771.53582764
    155.41950989  -140.49868774  -100.07987976   699.61187744
    828.72442627    43.74271011  1059.49279785   249.94989014]]
[[  -12.05756474  -427.75344849  -577.84442139  1035.52172852
    890.03491211  -543.35144043   484.14559937 -1168.22021484
    704.65692139   178.52810669  -278.43984985  -657.91186523
    -81.82881165 -1428.66638184    32.74546814  1285.42663574   136.3691864
   -295.86755371   392.64538574   617.50561523]]
[[ -104.85035706  -872.13336182  -679.01239014   383.02661133
    543.97711182  -594.13330078   458.61465454 -1357.12963867
    391.06491089  1242.6817627    -50.69157791  -403.4670105   -201.5213623
  -1081.25061035   319.36300659  1104.40734863  -266.1673584   -516.44909668
    -27.99361038   701.60241699]]
[[ -400.69186401  -139.34358215    65.54737091  1117.60498047
    546.14312744  -278.95062256  -105.48423767 -1076.58398438
    109.87413788  -198.91125488    10.0384016   -223.08486938   276.3427124
  -1401.21923828  -454.94369507   919.95501709  -405.09140015
    524.32568359    61.8910675    398.30834961]]
[[  3.72515198e+02  -4.94583817e+01  -9.18475830e+02   1.32642334e+02
    1.77116174e+03  -1.54944623e+00   1.09113391e+03  -1.29501843e+03
    5.15631958e+02   2.87105042e+02   6.92016235e+02   4.21024536e+02
    5.11947815e+02  -2.25491284e+03  -7.52705536e+01  -8.03027878e+01
    5.05138611e+02  -7.52763184e+02  -1.99723450e+02  -2.35474396e+02]]
[[  -59.58515167  -686.67016602  -637.51654053   -10.86837292
   -200.72087097  -868.8215332   -878.09735107  -344.56610107
   -498.89175415   539.55432129  -359.16897583  1275.54467773
    805.44122314 -1060.14648438   131.66708374  -143.92633057
    466.61984253   814.0802002    634.55767822    41.41135788]]
[[ 1434.01782227    27.1861248    595.02923584   -99.40491486
   1170.56616211  -577.44775391  1363.99389648  -824.16802979
   1072.57922363  -299.09606934  -489.31848145  -355.90420532
     60.17755508 -1130.01147461  -428.3520813   -566.62518311
     85.21476746    -8.67727947   918.34057617   -67.63905334]]
[[ -221.40458679  -552.09332275  -383.7461853    794.47045898
    743.49645996 -1078.95983887  -265.07601929  -543.58538818
    596.30206299   875.17749023   -49.38711929   -70.63968658
   -278.61056519 -1471.3515625   -608.41131592   695.88458252
   -418.85620117   379.97293091   454.75244141   913.25311279]]
[[  545.02233887   222.47590637  -292.35668945  -946.55780029   977.1496582
   -357.88128662   444.07623291   515.2321167    745.49291992
    571.66455078  -357.41452026  -570.7086792   -280.23199463
  -1492.49719238  -330.06710815    -4.26986647  -450.16259766  -286.1020813
  -1035.63464355   -78.30768585]]
[[  515.5916748   2652.51293945   510.07568359   427.40673828
    517.44927979   752.91119385   996.53338623   283.18740845
    835.33337402   159.15512085  -200.70703125  -739.09411621
   -943.17840576  -854.81622314  -699.52923584  -398.33682251
   -626.37963867  -498.52288818  -151.22984314  -844.09796143]]
[[  297.45169067   311.84918213  1154.19555664  1015.1887207    772.98095703
    320.40698242   638.73834229  -124.5298996    874.8614502    -83.70556641
   -282.99459839 -1028.1973877    -49.23781967 -1830.78137207
  -1103.10046387  -664.62579346  -375.21981812  -643.88598633
    323.55404663  -875.57232666]]
[[ -153.42237854  -345.97439575     9.49542236   829.20233154
   1148.47802734  1365.14758301  1236.19299316  -513.33990479
   1932.67468262   795.49682617  -647.47167969 -1280.3918457  -1535.6529541
  -1476.49047852  -308.44885254    56.48479843    13.23749352 -1073.1282959
  -1420.49816895  -864.44055176]]
[[  245.3478241     29.47675514   177.84243774   497.7699585   1865.43115234
     99.09079742  1418.70581055  -561.69384766  1509.23413086
   1801.84033203  -270.1159668  -1064.38378906  -808.43701172
  -1514.14807129  -933.62963867  -184.09466553  -250.81904602
   -861.78723145   127.37580109 -1473.56884766]]
[[  339.34420776  -443.7159729    887.75097656  1509.45935059
    595.09063721  2940.88549805   581.51824951   688.26220703
    838.03033447  1476.80627441 -1044.49597168 -1237.44641113
  -1362.87670898  -819.62225342 -1077.03625488  -637.89813232
   -272.07446289   -77.00343323  -685.55804443  -669.04193115]]
[[ 1310.65576172  -861.66967773   519.15484619   -76.00154877
   1623.31469727  2066.60546875  3605.15014648 -1472.82434082
   2505.16992188    60.84199905  -922.59564209  -661.92175293
   -957.68127441 -1806.3293457   -110.94558716  -949.68048096   411.6177063
   -785.31658936  -767.73065186  -770.04003906]]
[[  138.34886169  1656.37512207   366.7401123    629.90771484
    556.15881348   580.67633057  -265.25250244  1575.53735352
    979.98779297   247.28436279    24.44872665  -868.13775635
  -1007.09338379 -1147.4786377  -1512.7479248     65.6532135  -1109.87683105
   -777.32788086    30.23414612 -1088.96630859]]
[[  530.06951904   -11.73427773   793.43780518  1067.28259277
   1813.81140137  1573.79736328  2233.43701172  -477.78811646
   2768.73046875   614.27685547  -758.5682373  -1874.98364258
  -1159.40869141 -1559.68225098 -1530.18237305  -444.81863403
   -706.82397461  -893.43664551  -336.13009644  -872.84899902]]
[[  501.46911621  1278.75292969   310.07904053     6.07095051
    514.19372559  1151.81835938   477.24090576  1483.91967773
   1334.50695801  2111.34057617  -539.19158936 -1275.53601074
  -1617.50512695 -1416.13476562 -1207.95776367  -152.86465454
  -1303.21655273  -951.9453125    -20.27804565 -1233.61889648]]
[[  952.56781006   301.56637573   314.15240479  -100.26815033
    804.35742188  -632.69750977   494.37750244   315.14141846
    833.75769043   504.57601929  -658.87078857  -142.15658569
   -349.13131714 -1225.06164551 -1039.03466797   257.43618774
   -836.53277588  -340.65493774  -295.65322876  -355.92709351]]
[[  515.5916748   2652.51293945   510.07568359   427.40673828
    517.44927979   752.91119385   996.53338623   283.18740845
    835.33337402   159.15512085  -200.70703125  -739.09411621
   -943.17840576  -854.81622314  -699.52923584  -398.33682251
   -626.37963867  -498.52288818  -151.22984314  -844.09796143]]
[[  297.45169067   311.84918213  1154.19555664  1015.1887207    772.98095703
    320.40698242   638.73834229  -124.5298996    874.8614502    -83.70556641
   -282.99459839 -1028.1973877    -49.23781967 -1830.78137207
  -1103.10046387  -664.62579346  -375.21981812  -643.88598633
    323.55404663  -875.57232666]]
[[ -153.42237854  -345.97439575     9.49542236   829.20233154
   1148.47802734  1365.14758301  1236.19299316  -513.33990479
   1932.67468262   795.49682617  -647.47167969 -1280.3918457  -1535.6529541
  -1476.49047852  -308.44885254    56.48479843    13.23749352 -1073.1282959
  -1420.49816895  -864.44055176]]
[[  245.3478241     29.47675514   177.84243774   497.7699585   1865.43115234
     99.09079742  1418.70581055  -561.69384766  1509.23413086
   1801.84033203  -270.1159668  -1064.38378906  -808.43701172
  -1514.14807129  -933.62963867  -184.09466553  -250.81904602
   -861.78723145   127.37580109 -1473.56884766]]
[[  339.34420776  -443.7159729    887.75097656  1509.45935059
    595.09063721  2940.88549805   581.51824951   688.26220703
    838.03033447  1476.80627441 -1044.49597168 -1237.44641113
  -1362.87670898  -819.62225342 -1077.03625488  -637.89813232
   -272.07446289   -77.00343323  -685.55804443  -669.04193115]]
[[ 1310.65576172  -861.66967773   519.15484619   -76.00154877
   1623.31469727  2066.60546875  3605.15014648 -1472.82434082
   2505.16992188    60.84199905  -922.59564209  -661.92175293
   -957.68127441 -1806.3293457   -110.94558716  -949.68048096   411.6177063
   -785.31658936  -767.73065186  -770.04003906]]
[[  138.34886169  1656.37512207   366.7401123    629.90771484
    556.15881348   580.67633057  -265.25250244  1575.53735352
    979.98779297   247.28436279    24.44872665  -868.13775635
  -1007.09338379 -1147.4786377  -1512.7479248     65.6532135  -1109.87683105
   -777.32788086    30.23414612 -1088.96630859]]
[[  530.06951904   -11.73427773   793.43780518  1067.28259277
   1813.81140137  1573.79736328  2233.43701172  -477.78811646
   2768.73046875   614.27685547  -758.5682373  -1874.98364258
  -1159.40869141 -1559.68225098 -1530.18237305  -444.81863403
   -706.82397461  -893.43664551  -336.13009644  -872.84899902]]
[[  501.46911621  1278.75292969   310.07904053     6.07095051
    514.19372559  1151.81835938   477.24090576  1483.91967773
   1334.50695801  2111.34057617  -539.19158936 -1275.53601074
  -1617.50512695 -1416.13476562 -1207.95776367  -152.86465454
  -1303.21655273  -951.9453125    -20.27804565 -1233.61889648]]
[[-1922.62243652 -1094.21240234 -1665.62866211  1564.31726074
   -548.25921631 -1354.68688965  -953.3381958  -1072.1114502    -29.60370636
   -531.93505859  1223.42321777 -1625.0567627    316.43487549  1470.6652832
    960.4597168    999.51757812   697.61975098   413.68133545
   -472.62277222  1294.21069336]]
[[ -360.59884644  -837.43017578 -2023.50866699 -1195.91918945
  -1398.08435059   -23.48674774  -442.35684204 -1731.6270752  -1093.88952637
  -1252.08947754   151.68301392  2094.81079102   315.74185181  1172.9921875
    821.0177002     94.40131378   344.33612061  1213.30151367
    550.55773926  1534.92199707]]
[[ -650.68292236     6.39568186  -115.05677032    99.2610321  -1095.44799805
   -168.48980713   471.09143066 -2003.89196777  -993.16143799
   -492.88491821   277.30349731  -457.67822266   388.76089478
    682.69451904    35.28098297   240.49197388   892.47515869
    544.58831787   963.02996826  -520.15222168]]
[[-1238.6282959   -963.6829834  -1214.42626953   -93.21855164
  -1777.66955566  -680.97601318   914.21289062 -1299.79052734
    563.03771973 -1689.53662109   790.14227295 -1068.14001465    90.7443161
    585.03582764  1951.20605469  1342.13928223  1488.47302246
   -847.15936279   926.57989502  1614.87219238]]
[[ -825.45452881  -240.09440613 -1350.02600098  -522.63897705
   -303.43157959  -689.65844727  -840.88775635 -1787.2232666   -398.7572937
     30.40050125   296.79397583   232.64379883  -936.90515137
    191.31254578   175.81536865   203.08174133  -548.9743042    815.95300293
   1190.75146484  1147.05175781]]
[[-1405.1451416   1127.17663574 -1032.78881836   531.62310791
  -1417.75744629 -1115.61682129   236.9005127  -1435.77404785
   1408.15783691 -1218.0423584    533.15948486 -1524.30932617
   -338.25531006   883.79986572  -472.1892395    944.87884521
   -242.07415771   962.65020752   709.22180176  1696.55029297]]
[[ -970.04656982  -116.89588165 -1157.39758301  -182.41618347
    160.79930115 -2481.9699707   1041.8536377  -2556.09887695
     -6.38056612  -473.54452515   526.49194336  -901.38146973
   -381.42675781  -397.94696045  1039.89111328   847.36022949  2270.1484375
  -1097.5234375   2246.54833984   574.36022949]]
[[-1476.14672852    59.84125519 -1552.45910645  -674.50872803
  -1047.34838867  -701.5769043    409.42462158 -1265.66650391
  -1097.07629395  -775.49365234   -57.81399155  1769.37487793   631.1854248
   1346.83911133   464.98712158  -354.47494507  -352.14044189
   2641.98022461   265.72784424  1170.56152344]]
[[ -882.85180664   904.95019531   176.18557739   284.43084717
  -1648.34472656  -931.6015625   1192.91394043  -436.25836182
    450.54458618 -1683.97460938   540.17156982 -1708.62036133
  -1154.70532227   554.894104    -183.43504333   -79.82290649
   -566.48614502   299.14199829  1846.3182373    723.56646729]]
[[ -574.40612793   289.41934204  -808.8605957   -820.23736572
   -418.40765381  -633.78198242  -143.55784607 -1389.46728516  -315.6652832
   -347.49969482  -882.3873291   1764.58081055 -1012.05413818
    480.69070435   290.64349365   -87.81478882  -803.97857666
   1454.57824707   990.78985596  2032.18066406]]
[[ 2895.38818359  -648.90515137  1297.41638184   -87.56442261
   1125.01953125   992.7043457   2384.88671875  -444.73397827
   1305.11865234   785.99639893 -1833.07629395 -1270.06811523
  -1331.72900391 -1114.89611816 -1373.14880371  -787.50482178
   -712.29840088 -1242.25927734   162.19963074  -267.74435425]]
[[  843.65545654  1928.10412598   202.98150635   -79.59017944   610.1071167
   1627.75036621  1231.61791992   881.5546875   1092.24536133
    559.72619629  -402.25332642  -851.06280518 -1313.32788086
   -979.52313232 -1060.11120605  -723.04156494  -844.00518799  -517.1340332
     53.4250679   -941.35949707]]
[[  566.94824219    63.30649948  1748.56542969   932.93652344
   1540.32678223  2012.32006836  1850.45935059  -534.79296875
   1685.34436035   611.85174561  -944.4029541  -1013.90545654
  -1171.18554688 -1772.80297852  -493.87387085  -721.31188965  -402.8182373
  -2200.92504883  -362.2494812  -1177.63244629]]
[[ -124.07880402   456.05020142   484.58587646  1790.11572266
   1370.50134277  1003.51647949   714.86834717   -47.41880035
   1775.61621094  1369.06005859  -130.89663696 -1420.5279541  -1088.32629395
  -1207.93359375 -1231.1126709    -32.24331284  -850.78631592
  -1223.08178711  -357.06826782 -1094.43481445]]
[[  794.54138184  -522.99383545   -53.96392822  -625.3001709    993.78094482
    557.95782471  1329.42553711  -592.5982666    910.92340088
   1153.22900391  -659.11102295  -200.86561584 -1715.25219727  -580.4541626
   -221.29304504  -279.06231689   325.32385254  -695.91809082
     23.93056488  -184.45994568]]
[[ -257.35229492  -530.54492188   332.88204956   901.67388916
    189.03358459  1985.96496582   558.1875        74.38508606
   1386.67114258   560.58081055  -567.36785889  -665.72833252
  -1082.21447754  -623.00085449  -909.88000488   -46.63120651
   -972.30487061   299.51708984  -555.98724365  -581.36651611]]
[[  5.54968933e+02  -1.57282562e+02   3.94077271e+02   1.58230872e+03
    1.18293884e+03   6.44389160e+02   2.32176025e+03  -1.23221838e+03
    6.38466675e+02   9.15571228e+02   8.61903369e-01  -1.87710974e+03
   -8.52183838e+02  -2.08353223e+03  -2.55646634e+00  -9.49223816e+02
   -7.41997681e+01  -1.36466272e+03   3.09983887e+02  -1.15238318e+03]]
[[   50.29636002  1696.0612793    194.10449219  1045.91503906
    444.79351807   263.18014526   -68.15446472   988.35559082
    784.72479248  1056.0357666      9.98034954  -934.13690186  -798.4329834
  -1171.83642578 -1326.46862793  -678.96856689  -544.52984619
   -395.44012451  -160.95085144 -1012.53747559]]
[[  151.14572144   590.06170654   956.3067627    767.98522949
   1036.47875977  1572.33447266   461.13272095  1247.97558594
   2521.18139648  1934.40759277  -553.85980225 -1815.49938965
  -1563.72814941 -1690.17480469 -1108.43078613   -99.21196747
   -810.29162598 -1294.06689453  -337.2774353  -1504.4128418 ]]
[[  194.69023132  -631.76678467   166.24462891  1683.56115723
     65.60722351  1305.04589844  -318.94732666  1257.60961914
    937.06018066  2897.88964844  -651.86047363 -1527.34020996
  -1461.49182129 -2714.34399414 -1117.45324707  -994.07427979
   -439.23773193  -362.77209473  -345.76989746  -377.48596191]]
[[ -671.12585449 -1525.19946289  -753.97137451  -359.50616455  -501.3972168
    340.41928101 -1052.7878418   -501.16555786   569.57275391  -256.7310791
   1605.7064209  -1303.49194336   350.89071655   633.99420166
   -506.72412109  -168.07228088   582.16271973   305.45806885
    766.45678711   638.16217041]]
[[ -135.46853638  -241.42279053 -1854.87414551 -1256.00463867
   -611.86895752  -731.87866211  -271.63461304 -1272.19458008
   -254.14094543  -499.10601807  -470.84796143  1829.4206543    865.36785889
    -25.88043976   279.95117188   895.18005371   600.05682373  1124.9387207
    475.28665161  1602.75305176]]
[[ -743.36273193 -1166.12512207 -1223.32678223  -221.50592041
   -756.95092773 -1055.24499512    27.65211678 -2375.32763672
   -605.02056885   126.40619659   420.03381348   556.58990479
   1007.13140869  -758.7935791    -21.96174431   496.88626099
   1392.67456055   335.81607056   924.42089844   247.1946106 ]]
[[-1833.21362305 -1198.69213867  -665.84570312  -166.81629944
  -2025.70007324  -670.85595703   371.66445923 -1001.17999268
   -596.04016113 -1791.08911133   337.83779907 -1128.15808105
   -359.90594482  1912.57556152  1170.25976562  1027.80151367
   1273.75109863   381.03268433  1142.5982666   2485.875     ]]
[[-1381.50683594  -366.89520264 -1517.06201172  -158.26818848  -750.2855835
   1476.6685791     -6.21788025  -700.43029785   500.39346313  1126.4732666
   -276.7293396    977.00427246  -257.73074341  -479.72610474
   -205.16891479   198.55215454  -474.86419678  2787.02270508
    598.45306396  1363.28100586]]
[[ -318.57577515   234.38261414  -944.25427246  -235.96411133
   -139.87365723  -206.81806946  1388.17626953 -1671.70556641
    850.92749023 -1221.58251953  -465.27297974  -470.02035522   414.4397583
   -610.90179443  -672.13677979   999.03344727   273.65911865
   1220.05957031   788.28759766   989.68188477]]
[[ -1.18077026e+03  -1.64167236e+03  -1.43975476e+03  -4.09379242e+02
   -3.21663757e+02   2.49493134e+02   3.45776276e+02  -2.26014062e+03
   -7.80480713e+02  -1.45968997e+00   9.47311768e+02   3.45579895e+02
    7.03030823e+02  -1.06913525e+03   5.28858337e+02   1.57876868e+03
    2.07130737e+03  -5.04173920e+02   1.57488940e+03   7.79492981e+02]]
[[ -388.89059448  -762.05511475 -1560.07519531 -1374.35949707
  -1384.25317383  -610.99468994  -293.34024048 -1659.69970703
   -886.03656006  -221.20214844  -591.07202148  2437.44311523
    662.09277344  -235.22947693    -4.94431448  -693.22460938
   -595.72003174  2912.84008789   217.15092468   865.22320557]]
[[-1266.3013916  -1388.27050781  -183.17407227   365.86141968
  -2029.05053711  -739.09564209   681.3347168  -1282.52868652  -705.7421875
   -400.5223999   -144.2407074  -1350.20410156  -351.11221313
    337.29910278   431.91149902   173.26083374   882.10827637
    104.10791016  1112.41906738    79.22646332]]
[[  224.05810547   114.41539764 -1543.40649414 -1200.16760254
  -1141.58044434  -750.73492432 -1043.13916016  -916.7711792   -737.4954834
     86.70410919  -602.14404297  1967.34069824  -704.96704102
    149.03041077  -473.93869019    67.83557892  -815.74609375
   2004.09338379   551.34973145  1839.77282715]]
[[ 2376.36157227 -1120.29931641  1344.11914062  -107.79428101
   1075.19262695   931.71221924  1241.87854004  -126.8879776   1087.2902832
   1306.97058105 -1815.34155273 -1359.41210938  -806.14642334
  -1110.22583008 -1623.88586426  -216.74066162  -271.38513184
  -1020.40991211   330.92483521  -180.59172058]]
[[  927.98236084  1728.24768066   260.18841553  -338.11410522
    296.42474365  1545.76550293  1533.6628418    566.30236816   986.4833374
    502.16796875  -308.94387817  -797.36993408 -1196.8482666  -1008.40704346
   -853.24267578  -630.22009277  -732.04968262  -537.33563232
      9.48040867  -865.65338135]]
[[  371.81088257   116.72580719  1771.76867676   895.21624756
   1264.04284668  1833.86254883  1615.10559082  -258.79901123
   1564.83935547   500.81304932  -920.16723633 -1016.22961426
  -1188.91784668 -1658.53259277  -552.61456299  -762.23687744
   -380.28460693 -2204.4765625   -273.60354614 -1185.80505371]]
[[  116.13069153   380.47311401   758.08068848  1845.67016602
   1408.03747559  1244.14404297   599.80541992  -130.70928955
   1623.77050781  1525.44641113  -258.3387146  -1481.64660645
  -1128.05456543 -1374.82165527 -1106.30664062  -315.30749512
   -595.51403809 -1435.03405762  -484.02758789  -837.91650391]]
[[ 1030.95385742  -517.65765381   403.39523315  -532.2590332   1032.05078125
    760.50634766  1626.59680176  -577.21728516   937.68115234
   1338.60205078  -678.11810303  -932.01898193 -1307.60913086
  -1155.23754883  -377.44918823  -547.63824463    68.88594818 -1553.40625
    -72.22618103  -361.65588379]]
[[ -420.81759644  -693.75708008   738.98999023  1191.8425293     91.80991364
   1983.84863281   501.57067871   307.625       1390.10766602
   1010.13006592  -484.83120728 -1073.80480957  -920.72875977 -1053.3861084
   -958.90771484  -288.80722046  -739.28326416  -171.09335327
   -619.87268066  -604.50616455]]
[[  425.7003479     81.35716248   698.59484863  1989.33166504
   1773.97753906   647.80273438  2139.42895508  -928.60577393
   1190.06652832   722.137146    -188.22767639 -1756.21130371
   -893.66381836 -1742.44567871  -281.46237183  -502.86410522
    -83.96707916 -1260.33398438    52.28129196  -990.97412109]]
[[  147.65979004  1545.24780273   454.36975098  1258.76123047
    203.55937195   211.79956055  -263.3364563   1411.24414062
    571.68170166  1034.61010742  -139.09587097 -1281.80834961
   -734.16992188 -1143.1739502  -1341.24560547  -476.73962402
   -552.53894043  -592.51416016  -173.36521912 -1195.30187988]]
[[  107.7359314    595.37695312   909.48510742   633.10675049  1114.6887207
   1391.84875488   485.27218628  1064.08996582  2333.02246094
   1490.14343262  -723.05413818 -1770.96630859 -1465.95117188 -1579.3996582
  -1287.52197266   -92.37708282  -488.09539795 -1314.14697266
   -202.89370728 -1183.82958984]]
[[ -251.69093323  -689.1428833    279.21325684  2048.34545898
    896.10424805  1325.88500977    79.13552856   988.10693359
   1014.75805664  3172.76757812  -452.21411133 -1552.69787598
  -1556.74719238 -2622.25146484 -1117.48291016  -653.10321045
   -394.51245117 -1136.04174805  -138.77763367  -381.25360107]]
[[ -842.86462402 -1459.50256348  -314.88302612  -408.64559937
   -407.73175049  -144.26190186  -818.11035156  -475.79837036
    841.06628418  -144.91464233  1277.93603516  -729.76776123
   -282.23596191   409.4553833   -308.70861816  -131.02732849
    467.28338623    43.57032013   716.47796631   761.48498535]]
[[  471.95819092  -422.1953125  -1300.92565918 -1516.28723145
   -495.27670288  -644.26611328  -388.51254272  -945.92608643
    -75.69767761  -586.78100586  -920.6237793   1754.15539551
    899.85412598  -384.53292847  -249.12080383   970.08966064
    616.06311035   986.12579346   637.20819092   756.21228027]]
[[ -699.73266602 -1046.82543945  -942.9019165   -208.17050171
   -529.85192871  -974.40893555  -390.74859619 -2292.21557617
   -395.46633911   -68.78826141   414.15924072   669.33337402
   1065.15454102  -866.30358887    -7.33898306   404.6427002   1543.21801758
    745.59210205  1389.42675781     7.40429211]]
[[-2172.72949219 -1048.61169434  -615.12744141   130.85894775
  -1683.68554688  -717.26916504   113.48630524  -854.71569824
    305.65148926 -1718.11608887   509.37194824 -1282.7902832   -548.43823242
   1493.95166016   719.82843018  1452.52954102   596.0055542    815.54333496
    915.79534912  2119.54736328]]
[[ -929.20532227  -212.60612488 -1302.75646973  -501.26489258
   -620.55401611  1461.52539062    85.97363281  -504.04602051
    315.43182373   526.81237793  -141.23158264   721.94885254
   -666.12341309  -336.30062866    33.44491577   542.40075684
  -1141.47619629  2157.07861328    74.89904785  1200.03137207]]
[[ -233.34046936   245.69197083  -940.14776611   266.47592163
     79.36510468  -414.75286865  1361.78674316 -1979.16479492
    501.58251953 -1258.39367676  -297.58532715  -458.67987061
    379.39541626  -393.90994263  -842.60333252   691.73455811  -140.6701355
   1201.76513672   892.27856445  1213.18969727]]
[[-1180.94812012 -1187.87634277 -1163.82568359   437.18109131  -626.5769043
   -259.14074707    24.0106945  -1998.58459473  -767.67474365
   -209.44422913  1025.33508301   121.28378296   914.47235107
  -1509.41186523   633.93499756  1418.54785156  2486.23925781
   -825.86242676  1545.5567627    712.84851074]]
[[ -339.76712036  -431.16162109 -1323.57263184 -1633.61779785
  -1132.39819336  -717.73669434 -1178.6072998  -1558.7322998   -561.46618652
   -358.05474854  -562.9576416   2920.20532227   789.93054199
    256.89904785   426.83029175  -484.65560913  -409.18432617
   2549.87280273    68.27445984  1055.64587402]]
[[-1174.01953125  -736.59472656   -55.62363434   691.79553223
  -1737.26135254  -738.72973633  1037.08178711 -1139.84594727
   -343.90878296  -617.09759521   -36.35268021 -1167.72241211
   -313.67453003    66.57604218   431.86474609   103.15097809
   1174.44384766   280.68862915  1001.84448242   -80.08452606]]
[[  206.32939148     5.73155832 -1585.45690918  -987.47332764
  -1220.23291016  -771.89758301  -989.48944092  -929.60455322  -630.9697876
    177.39173889  -647.10369873  1939.24401855  -694.90869141
    142.81715393  -649.49066162    43.54078293  -943.96380615  1910.4239502
    407.07955933  2013.90844727]]
[[ 2634.86938477 -1102.49768066   507.87493896  -113.80447388
    989.98126221   687.94451904  1522.61242676  -679.63647461
    876.49249268  1200.08239746 -1538.36010742 -1515.33374023
   -610.95306396 -1120.85571289 -1427.47705078  -397.75653076
   -344.91195679  -369.97796631   769.39672852   -53.21852875]]
[[  8.95704285e+02   1.70849438e+03   2.24025696e+02  -2.99910156e+02
    1.07242302e+02   1.51718811e+03   1.62206421e+03   5.07461243e+02
    1.03743958e+03   5.53343506e+02  -3.52684174e+02  -8.67890137e+02
   -1.31890906e+03  -9.71445251e+02  -7.95205505e+02  -7.29473877e+02
   -7.48933411e+02  -5.13251587e+02  -9.80178118e-01  -8.87306396e+02]]
[[  386.30966187   426.8374939   1751.30932617   895.81561279
   1556.81103516  1568.8449707   1925.26074219  -511.24734497
   1699.98950195   197.05657959  -864.37261963 -1406.14135742
   -994.07788086 -1370.89697266  -309.9453125   -802.30841064
   -111.21492004 -1902.85437012    42.33100128 -1146.47058105]]
[[  326.88864136   574.02215576   617.04486084  1735.38061523
   1414.68310547  1049.54699707   771.50646973    40.60546112  1425.2578125
   1569.70349121  -192.24693298 -1649.4354248  -1260.34924316
  -1314.73010254 -1140.9239502   -190.30844116  -414.21112061
  -1054.88085938  -415.76760864 -1135.21960449]]
[[ 1108.48327637  -185.89305115   664.29833984  -330.96859741
   1399.73669434   937.46783447  2268.59912109  -720.17706299
   1590.75671387  1171.24755859  -629.23553467  -899.25054932
  -1466.18151855  -907.54229736  -458.18502808  -509.19351196
     70.88729095 -1665.57849121  -577.77105713  -784.15734863]]
[[ -274.08404541  -745.51757812   793.02307129   841.89349365
    289.20028687  2214.3515625    333.7880249    453.96112061
   1835.15344238  1667.04577637  -418.60534668 -1286.4407959  -1081.87097168
  -1253.7734375  -1452.08178711  -687.48278809  -591.32666016   -77.6602478
  -1193.13513184 -1289.9276123 ]]
[[  4.37830994e+02   2.83251007e+02   8.36945312e+02   2.00813220e+03
    1.89330859e+03   7.06211304e+02   2.56830664e+03  -1.00336359e+03
    1.21729602e+03   5.19365234e+02  -3.01041748e+02  -1.80977393e+03
   -7.48465942e+02  -1.89741772e+03  -3.31625702e+02  -4.55765442e+02
   -1.42112137e+02  -1.35824146e+03  -6.43996477e-01  -1.03656873e+03]]
[[  320.55670166  1453.59570312   711.7623291   1125.91040039
    409.43341064   386.46270752   -71.34683228  1775.77233887
    755.79760742  1076.9029541     10.98818493 -1336.18041992
   -820.88879395 -1233.24560547 -1686.33349609  -372.79443359  -596.1328125
   -778.16595459   -59.59947968  -823.44494629]]
[[  262.93789673   479.44720459   769.75518799   805.76135254
   1126.29345703  1759.14086914   310.00872803  1116.93615723
   2205.49389648  1781.61645508  -400.91714478 -1824.93054199
  -1375.52600098 -1581.08740234 -1252.11999512  -366.56750488
   -183.39137268 -1393.11315918  -348.80578613  -994.09039307]]
[[   65.17875671  -719.60321045   -74.66452789  2010.74829102
    813.36425781  1245.93835449   157.02612305   518.70825195
    830.12017822  3101.04980469  -695.78521729 -1709.26477051
  -1563.88366699 -2379.74609375  -861.04223633  -519.62811279
   -490.66946411  -885.41125488  -296.41903687  -374.81890869]]
[[ -572.14898682 -2151.48876953    29.75650978  -609.49517822
   -757.74163818   173.97137451  -860.02008057  -783.13079834
    900.51422119    66.8212738   1816.20227051 -1002.03265381
   -180.69413757   819.22888184   -97.31922913   228.25714111
    972.80633545  -294.2696228    899.85113525   763.71673584]]
[[  235.19212341  -392.44421387 -1380.91772461 -1271.91943359
   -526.98498535  -695.72021484  -338.89797974  -823.65795898
     35.11938477  -491.1628418  -1170.63427734  1595.92285156
    653.04864502  -494.62213135    34.25408554  1128.46435547
    721.11456299   853.7175293    550.57653809   978.97766113]]
[[ -972.22961426 -1316.38769531 -1375.65332031  -622.52856445
   -844.83782959  -929.58331299  -485.78451538 -2256.60742188
   -810.06298828    -9.76201153   217.02406311   802.19024658
   1105.17150879  -584.07562256   111.0729599    686.09143066
   1168.15917969   730.06890869  1374.62121582   496.80026245]]
[[-1516.1550293   -975.70574951  -784.03704834   254.6048584  -2351.12963867
   -578.91546631   408.91989136  -749.71173096   151.82148743
  -1134.31347656   316.72442627 -1595.85534668  -852.81036377
   1392.63452148  1597.15026855  1578.97155762  1809.18554688
   -460.07498169   742.05938721  1848.5144043 ]]
[[-1187.91772461  -378.46524048 -1473.37585449  -530.14916992
   -247.40592957   941.11535645   283.49130249  -883.00238037
     63.77203369   924.99707031   121.03062439   160.13847351
   -779.39935303  -404.28488159   307.97174072   331.87649536
   -492.86679077  1674.48730469   219.82873535   812.85461426]]
[[ -693.612854     576.48571777 -1410.29040527   230.95623779
   -121.31708527  -227.52383423   788.66687012 -2165.11010742
    984.30377197 -1500.6159668    286.91824341  -554.96496582
    338.50134277  -483.36053467 -1581.25146484  1060.82568359
   -216.03866577  1204.26660156   612.24975586  1150.42468262]]
[[ -986.4095459  -1039.33666992 -1021.74884033    14.15171528
   -152.50616455  -160.75595093   130.19433594 -2149.10668945
   -991.11224365   270.09353638  1167.78015137   544.84844971
   1010.58850098 -1247.27978516   604.36212158  1514.67224121  2390.1706543
  -1254.53417969  1693.63012695   398.39447021]]
[[  118.89172363  -532.63934326 -1327.0411377  -1578.66369629
  -1264.27758789  -417.79550171  -706.80065918 -1328.32714844
   -643.55908203  -545.79443359  -378.25357056  2213.15307617
    545.15655518   401.18209839   175.66696167  -406.70706177  -437.7331543
   2531.66723633   434.44418335  1181.95800781]]
[[-1081.27612305  -412.58285522  -313.63037109   599.01019287
  -1354.11584473  -933.53942871  1456.74145508 -1333.85388184
    -45.86698914  -567.38378906  -170.81907654 -1138.04003906
   -895.34973145  -228.65585327   374.60919189   199.63885498  1024.4732666
    483.15750122  1605.13134766   966.13525391]]
[[  -37.88270569   -78.41736603 -1503.76074219  -765.30310059
  -1264.92004395  -828.81506348  -560.53265381  -871.26806641
   -361.59106445   274.48651123  -804.91918945  1466.2019043   -657.92370605
   -269.88052368  -578.25469971   340.28244019 -1030.53881836
   1938.85131836   729.6373291   1971.22436523]]
